"","X","X_id","uuid","lga","state","zone","X_lga_id","gps","formhub_photo_id","unique_lga","photo","water_point_type","Classification","water_source_type","water_scheme_type","community","ward","is_improved","lift_mechanism","functional","breakdown","pay_for_water_yn","distribution_type"
"10591",10591,"70fbe449-a112-40e6-8bcb-d74bdfd73e15","70fbe449-a112-40e6-8bcb-d74bdfd73e15","Bagwai","Kano","Northwest",82,"12.07300802 8.02190785 577.2000122070313 5.0","1342016122141.jpg","kano_bagwai","1342016122141.jpg","Handpump","handpump",NA,"outlet","Kwamgwai","Gadanya","Yes","Hand Pump","Yes","Functional","No","Water Scheme, Source within 100m"
"10592",10592,"398c5e82-e3b1-44ea-bba6-0c2b07b2e63f","398c5e82-e3b1-44ea-bba6-0c2b07b2e63f","Bagwai","Kano","Northwest",82,"12.11210101 8.14630959 545.2999877929688 5.0","1342532781475.jpg","kano_bagwai","1342532781475.jpg","Handpump","handpump","borehole_tube_well","water_source","Maroni","Romo","Yes","Hand Pump","Yes","Functional","Yes","Stand Alone Water Point"
"10593",10593,"a8066a43-14ab-4580-a1c2-7ba868780cb6","a8066a43-14ab-4580-a1c2-7ba868780cb6","Bagwai","Kano","Northwest",82,"12.03386239 8.2214554 538.4000244140625 5.0","1342008584956.jpg","kano_bagwai","1342008584956.jpg","Handpump","handpump","borehole_tube_well","water_source","Kwajale","Kwajale ","Yes","Hand Pump","No","Poor Water Quality","No","Stand Alone Water Point"
"10594",10594,"72ac0761-37b9-4c68-ba10-5aeff31b28d8","72ac0761-37b9-4c68-ba10-5aeff31b28d8","Bagwai","Kano","Northwest",82,"12.08142403 8.18823226 545.5 5.0","1342438602950.jpg","kano_bagwai","1342438602950.jpg","Handpump","handpump","borehole_tube_well","water_source","ZANGORE BAURE","Rimi dako","Yes","Hand Pump","Yes","Functional","No","Stand Alone Water Point"
"10595",10595,"043c7fa8-5b40-441b-b867-833989151c9e","043c7fa8-5b40-441b-b867-833989151c9e","Bagwai","Kano","Northwest",82,"12.04050947 8.16738555 550.9000244140625 5.0","1342528425887.jpg","kano_bagwai","1342528425887.jpg","Unimproved","unimproved","unprotected_dug_well","water_source","Kafin maiko","Dangada","No","Manual","Yes","Functional","No","Stand Alone Water Point"
"10596",10596,"d4869874-40e3-4bbf-9224-dee37b9033bc","d4869874-40e3-4bbf-9224-dee37b9033bc","Bagwai","Kano","Northwest",82,"12.08309305 8.25327382 515.5999755859375 5.0","1342443959116.jpg","kano_bagwai","1342443959116.jpg","Unimproved","unimproved","unprotected_dug_well","water_source","Mekebe","Rimin dako","No","Manual","Yes","Functional","No","Stand Alone Water Point"
"10597",10597,"3f009260-f2b7-4352-aeea-6c75c068ba01","3f009260-f2b7-4352-aeea-6c75c068ba01","Bagwai","Kano","Northwest",82,"12.09275336 8.03274901 583.2000122070313 5.0","1342005264906.jpg","kano_bagwai","1342005264906.jpg","Overhead Tank (1,000)","one_thousand_overhead",NA,"outlet","Gadanya","Gadanya","Yes","Tap (unknown lift)","No","Mechanical Issue","No","Water Scheme, Source within 100m"
"10598",10598,"ee0374e3-57f9-46e2-99ae-4e01b0589321","ee0374e3-57f9-46e2-99ae-4e01b0589321","Bagwai","Kano","Northwest",82,"12.09865105 8.19499038 526.5 5.0","1342267364990.jpg","kano_bagwai","1342267364990.jpg","Handpump","handpump",NA,"dk","Maskaya","Kiyawa","Yes","Hand Pump","Yes","Functional","No",NA
"10599",10599,"7b0c3c5e-30ff-455f-9f24-3aa7cd5b7fce","7b0c3c5e-30ff-455f-9f24-3aa7cd5b7fce","Bagwai","Kano","Northwest",82,"12.01239917 8.12786258 524.5 5.0","1342443159146.jpg","kano_bagwai","1342443159146.jpg","Handpump","handpump",NA,"dk","Kofar Fada","Dangada","Yes","Hand Pump","Yes","Functional","No",NA
"10600",10600,"03a2ac13-3885-4ad4-9b00-64eb0d0fffc5","03a2ac13-3885-4ad4-9b00-64eb0d0fffc5","Bagwai","Kano","Northwest",82,"12.0680626 8.24392785 529.0 5.0","1342005741225.jpg","kano_bagwai","1342005741225.jpg","Unimproved","unimproved","unprotected_dug_well","water_source","Tuga","Kwajale","No","Manual","Yes","Functional","No","Stand Alone Water Point"
"10601",10601,"d9c8ce23-3c39-4245-8300-0001e59bc34b","d9c8ce23-3c39-4245-8300-0001e59bc34b","Bagwai","Kano","Northwest",82,"12.15868372 8.13130951 543.2999877929688 5.0","1342016708115.jpg","kano_bagwai","1342016708115.jpg","Overhead Tank (1,000)","one_thousand_overhead","borehole_tube_well","water_source","BAGWAI","BAGWAI","Yes","Diesel","No","Mechanical Issue","Yes","Stand Alone Water Point"
"10602",10602,"6210db92-139d-4e41-a4a6-e3ec8905e8e6","6210db92-139d-4e41-a4a6-e3ec8905e8e6","Bagwai","Kano","Northwest",82,"12.13560671 8.07673051 563.5 13.0","1342530896247.jpg","kano_bagwai","1342530896247.jpg","Handpump","handpump","borehole_tube_well","water_source","TAMILA ","H/ BAGGA ","Yes","Hand Pump","No","Mechanical Issue","Yes","Stand Alone Water Point"
"10603",10603,"6603c58f-b702-4197-883c-cf91b71f64ff","6603c58f-b702-4197-883c-cf91b71f64ff","Bagwai","Kano","Northwest",82,"12.12409862 8.04598417 552.7000122070313 5.0","1342095698632.jpg","kano_bagwai","1342095698632.jpg","Unimproved","unimproved","unprotected_dug_well","water_source","Saresare","Sare sare","No",NA,"Don't Know",NA,"Don't Know","Stand Alone Water Point"
"10604",10604,"27cf36b8-c2c8-4e7d-b3b6-19b646e31b9a","27cf36b8-c2c8-4e7d-b3b6-19b646e31b9a","Bagwai","Kano","Northwest",82,"12.1406168 8.07474231 555.2999877929688 6.0","1342530679613.jpg","kano_bagwai","1342530679613.jpg","Handpump","handpump","borehole_tube_well","water_source","TAMILAWA","H/BAGGA ","Yes","Hand Pump","No","Mechanical Issue","No","Stand Alone Water Point"
"10605",10605,"17d2b710-60ed-43d4-9b55-3ef866d01e4e","17d2b710-60ed-43d4-9b55-3ef866d01e4e","Bagwai","Kano","Northwest",82,"12.09295657 8.25031598 508.1000061035156 5.0","1342443083008.jpg","kano_bagwai","1342443083008.jpg","Unimproved","unimproved","unprotected_dug_well","water_source","Labawa","Rimin Dako","No",NA,"Yes","Functional","No","Stand Alone Water Point"
"10606",10606,"ae41a62c-b92c-49d6-99a0-561fc73c3e51","ae41a62c-b92c-49d6-99a0-561fc73c3e51","Bagwai","Kano","Northwest",82,"12.12303871 8.04804274 564.0999755859375 5.0","1342093785980.jpg","kano_bagwai","1342093785980.jpg","Unimproved","unimproved","unprotected_dug_well","water_source","Sare. Sare","Sare Sare","No","Manual","Yes","Functional","No","Stand Alone Water Point"
"10607",10607,"8bb213cb-5d17-4cc4-ab10-73a011659c90","8bb213cb-5d17-4cc4-ab10-73a011659c90","Bagwai","Kano","Northwest",82,"12.06390291 8.19241487 547.5999755859375 5.0","1342093408951.jpg","kano_bagwai","1342093408951.jpg","Unimproved","unimproved","unprotected_dug_well","water_source","Rimin bai","Kwajale","No",NA,"No","Poorly Constructed","No","Stand Alone Water Point"
"10608",10608,"dc2bc551-549e-4851-83d5-d2e5aac193d2","dc2bc551-549e-4851-83d5-d2e5aac193d2","Bagwai","Kano","Northwest",82,"12.02863319 8.22911264 533.7000122070313 5.0","1342017373858.jpg","kano_bagwai","1342017373858.jpg","Handpump","handpump","borehole_tube_well","water_source","Kwajale","Kwajale","Yes","Hand Pump","Yes","Functional","No","Stand Alone Water Point"
"10609",10609,"ff251109-e01a-4d39-a208-7631d8bd29c0","ff251109-e01a-4d39-a208-7631d8bd29c0","Bagwai","Kano","Northwest",82,"12.08566023 8.20742413 524.2999877929688 5.0","1342270915375.jpg","kano_bagwai","1342270915375.jpg","Handpump","handpump","borehole_tube_well","water_source","Baurebudal","Rimi dako","Yes","Hand Pump","Yes","Functional","No","Stand Alone Water Point"
"10610",10610,"9bde9a9f-1be3-4640-9f5c-7310949dec91","9bde9a9f-1be3-4640-9f5c-7310949dec91","Bagwai","Kano","Northwest",82,"12.11817064 8.14992179 520.9000244140625 5.0","1342529777604.jpg","kano_bagwai","1342529777604.jpg","Unimproved","unimproved","unprotected_dug_well","water_source","Marauni","Romo","No",NA,"Yes","Functional","No","Stand Alone Water Point"
"10611",10611,"b5c55eed-4f32-4207-90a2-cdec60ecf059","b5c55eed-4f32-4207-90a2-cdec60ecf059","Bagwai","Kano","Northwest",82,"12.04526014 8.18787031 535.7999877929688 5.0","1342102842294.jpg","kano_bagwai","1342102842294.jpg","Unimproved","unimproved","unprotected_dug_well","water_source","Wurabagga","Kwajale","No",NA,"Yes","Functional","No","Stand Alone Water Point"
"10612",10612,"e238cffb-7150-44dc-8159-ca3d99b5878f","e238cffb-7150-44dc-8159-ca3d99b5878f","Bagwai","Kano","Northwest",82,"12.07548029 8.17382186 525.5 5.0","1342098720787.jpg","kano_bagwai","1342098720787.jpg","Handpump","handpump","borehole_tube_well","water_source","Romo","Romo","Yes","Hand Pump","Yes","Functional","No","Stand Alone Water Point"
"10613",10613,"f1db5176-1618-4ef1-8302-38a70693c4c1","f1db5176-1618-4ef1-8302-38a70693c4c1","Bagwai","Kano","Northwest",82,"12.06368858 8.19581009 534.9000244140625 5.0","1342092375797.jpg","kano_bagwai","1342092375797.jpg","Handpump","handpump",NA,"outlet","Rimin Bai","Kwajale","Yes","Hand Pump","Yes","Functional","No","Water Scheme, Source within 100m"
"10614",10614,"5319effa-3b26-44d9-bee2-eecbbd6c1d2d","5319effa-3b26-44d9-bee2-eecbbd6c1d2d","Bagwai","Kano","Northwest",82,"12.06904638 8.02995272 595.2999877929688 5.0","1342015212077.jpg","kano_bagwai","1342015212077.jpg","Handpump","handpump",NA,"outlet","Kwangwai","GaDanya","Yes","Hand Pump","No","Mechanical Issue","No","Water Scheme, Source within 100m"
"10615",10615,"3069a404-8488-4d27-ab7b-34322b03f430","3069a404-8488-4d27-ab7b-34322b03f430","Bagwai","Kano","Northwest",82,"12.03503511 8.13743916 569.5 5.0","1342435817871.jpg","kano_bagwai","1342435817871.jpg","Handpump","handpump",NA,"dk","Jibaga Mafagi","Dangada","Yes","Hand Pump","No","Poorly Constructed","No",NA
"10616",10616,"b3e7a998-7bf0-4f61-82ec-5495a90c48fc","b3e7a998-7bf0-4f61-82ec-5495a90c48fc","Bagwai","Kano","Northwest",82,"11.99780612 8.13875808 544.0 5.0","1342449412904.jpg","kano_bagwai","1342449412904.jpg","Handpump","handpump",NA,"dk","Bakinrafi","Dangada","Yes","Hand Pump","Yes","Functional","No",NA
"10617",10617,"6541b4d1-0c6d-4e4e-9ad0-ddf55b66d85f","6541b4d1-0c6d-4e4e-9ad0-ddf55b66d85f","Bagwai","Kano","Northwest",82,"12.12186212 8.18585977 537.4000244140625 10.0","1342177225422.jpg","kano_bagwai","1342177225422.jpg","Unimproved","unimproved","unprotected_dug_well","water_source","BA AWA","KIYAWA","No",NA,"No","Poor Water Quality","No","Stand Alone Water Point"
"10618",10618,"3a3e8f96-6a6b-4d56-9736-e1f0ce294143","3a3e8f96-6a6b-4d56-9736-e1f0ce294143","Bagwai","Kano","Northwest",82,"12.13297247 8.09147355 559.5 5.0","1342098014588.jpg","kano_bagwai","1342098014588.jpg","Handpump","handpump",NA,"dk","Sarkin Ya","Wuro Bagga","Yes","Hand Pump","Yes","Functional","No",NA
"10619",10619,"f030da06-9125-474d-addb-e77002cd9c2b","f030da06-9125-474d-addb-e77002cd9c2b","Bagwai","Kano","Northwest",82,"12.06957822 8.25283988 525.5999755859375 5.0","1342004137081.jpg","kano_bagwai","1342004137081.jpg","Unimproved","unimproved","unprotected_dug_well","water_source","Tuga","Kwajale","No","Manual","Yes","Functional","No","Stand Alone Water Point"
"10620",10620,"90b39d1f-07c3-4c93-93f4-ebd783a3c089","90b39d1f-07c3-4c93-93f4-ebd783a3c089","Bagwai","Kano","Northwest",82,"12.1148511 8.12645401 532.2000122070313 5.0","1342267378098.jpg","kano_bagwai","1342267378098.jpg","Handpump","handpump",NA,"outlet","Galawa","Gogori","Yes","Hand Pump","Yes","Functional","No","Water Scheme, Source further than 1km"
"10621",10621,"c4685983-66a0-4985-b140-77828e06d163","c4685983-66a0-4985-b140-77828e06d163","Bagwai","Kano","Northwest",82,"12.15423922 8.13900395 541.2999877929688 5.0","1342015388495.jpg","kano_bagwai","1342015388495.jpg","Unimproved","unimproved","unprotected_dug_well","water_source","BAGWAI","BAGWAI","No",NA,"Yes","Functional","No","Stand Alone Water Point"
"10622",10622,"0ed28fb2-9e75-413b-beb1-e03df0212a63","0ed28fb2-9e75-413b-beb1-e03df0212a63","Bagwai","Kano","Northwest",82,"12.06678643 8.05603916 603.2999877929688 5.0","1342520182956.jpg","kano_bagwai","1342520182956.jpg","Unimproved","unimproved","unprotected_dug_well","water_source","Gogori","Gogori","No","Manual","Yes","Functional","No","Stand Alone Water Point"
"10623",10623,"127a02a8-acfc-41b4-b22e-45ecdd0369ef","127a02a8-acfc-41b4-b22e-45ecdd0369ef","Bagwai","Kano","Northwest",82,"12.04976683 8.18377669 540.7999877929688 5.0","1342105817912.jpg","kano_bagwai","1342105817912.jpg","Unimproved","unimproved","unprotected_dug_well","water_source","Yanako","Kwajale","No","Manual","Yes","Functional","No","Stand Alone Water Point"
"10624",10624,"84ccf7de-ca48-42d2-9734-8a9022f1f795","84ccf7de-ca48-42d2-9734-8a9022f1f795","Bagwai","Kano","Northwest",82,"12.02882715 8.22847655 537.2999877929688 5.0","1342013849377.jpg","kano_bagwai","1342013849377.jpg","Unimproved","unimproved","unprotected_dug_well","water_source","Unguwar Kwari","Kwajale","No",NA,"Yes","Functional","No","Stand Alone Water Point"
"10625",10625,"676db355-37bf-4388-8a56-2a1ee7513fd0","676db355-37bf-4388-8a56-2a1ee7513fd0","Bagwai","Kano","Northwest",82,"12.11815587 8.18739481 516.4000244140625 5.0","1342176229708.jpg","kano_bagwai","1342176229708.jpg","Handpump","handpump","borehole_tube_well","water_source","K/FADA","KIYAWA","Yes","Hand Pump","No","Mechanical Issue","No","Stand Alone Water Point"
"10626",10626,"d9cd14fc-156f-49fb-91c4-b988a8f6c70b","d9cd14fc-156f-49fb-91c4-b988a8f6c70b","Bagwai","Kano","Northwest",82,"12.06879143 8.25080758 516.7999877929688 5.0","1342004383339.jpg","kano_bagwai","1342004383339.jpg","Unimproved","unimproved","unprotected_dug_well","water_source","Tuga","Kwajale","No","Manual","Yes","Functional","No","Stand Alone Water Point"
"10627",10627,"228d39c9-aba2-4276-aa12-3b7e69663560","228d39c9-aba2-4276-aa12-3b7e69663560","Bagwai","Kano","Northwest",82,"12.04807541 8.12931279 574.2000122070313 5.0","1342183864668.jpg","kano_bagwai","1342183864668.jpg","Unimproved","unimproved","unprotected_dug_well","water_source","Danja","Romo","No","Manual","No","Dry Well","No","Stand Alone Water Point"
"10628",10628,"95ce0386-ab4d-4ef8-8fb4-d2ac8b1693b8","95ce0386-ab4d-4ef8-8fb4-d2ac8b1693b8","Bagwai","Kano","Northwest",82,"12.04715053 8.23883373 526.4000244140625 5.0","1342005236961.jpg","kano_bagwai","1342005236961.jpg","Unimproved","unimproved","unprotected_dug_well","water_source","Tuga","Kwajale","No",NA,"Yes","Functional","No","Stand Alone Water Point"
"10629",10629,"8d569b0a-52ec-41c9-a4fe-939d94592c43","8d569b0a-52ec-41c9-a4fe-939d94592c43","Bagwai","Kano","Northwest",82,"12.09058718 8.15051855 543.0999755859375 5.0","1342179944889.jpg","kano_bagwai","1342179944889.jpg","Handpump","handpump","borehole_tube_well","water_source","Yartofa","Romo","Yes","Hand Pump","No","Mechanical Issue","No","Stand Alone Water Point"
"10630",10630,"6f7344e3-1d2a-4d06-9a97-c9c299e142e2","6f7344e3-1d2a-4d06-9a97-c9c299e142e2","Bagwai","Kano","Northwest",82,"12.0917971 8.03698267 580.5 5.0","1342011006270.jpg","kano_bagwai","1342011006270.jpg","Handpump","handpump",NA,"outlet","Gadanyan","Gadanyan","Yes","Hand Pump","Yes","Functional","No","Water Scheme, Source within 100m"
"10631",10631,"69593875-9f9d-4105-b719-5b4cf4fd0e99","69593875-9f9d-4105-b719-5b4cf4fd0e99","Bagwai","Kano","Northwest",82,"12.08425449 8.10636218 556.7999877929688 5.0","1342274105206.jpg","kano_bagwai","1342274105206.jpg","Unimproved","unimproved","unprotected_dug_well","water_source","Agalawa","Gogori","No",NA,"Yes","Functional","No","Stand Alone Water Point"
"10632",10632,"751d9500-dc3e-4f16-ac87-85f7b9d3e636","751d9500-dc3e-4f16-ac87-85f7b9d3e636","Bagwai","Kano","Northwest",82,"12.15047963 8.16108684 526.0 7.0","1342173823999.jpg","kano_bagwai","1342173823999.jpg","Handpump","handpump","borehole_tube_well","water_source","SOKI DABULA","KIYAWA","Yes","Hand Pump","No","Mechanical Issue","No","Stand Alone Water Point"
"10633",10633,"d888e7fa-d687-4ef0-b95e-fb2a30fbe38a","d888e7fa-d687-4ef0-b95e-fb2a30fbe38a","Bagwai","Kano","Northwest",82,"12.09317475 8.24943211 517.7000122070313 5.0","1342446688525.jpg","kano_bagwai","1342446688525.jpg","Unimproved","unimproved","unprotected_dug_well","water_source","Labawa","Rimi dako","No","Manual","Yes","Functional","No","Stand Alone Water Point"
"10634",10634,"de6f4710-f9e3-4758-acf4-b0fb0bdb4a10","de6f4710-f9e3-4758-acf4-b0fb0bdb4a10","Bagwai","Kano","Northwest",82,"12.07269941 8.16529399 536.7999877929688 5.0","1342100449875.jpg","kano_bagwai","1342100449875.jpg","Handpump","handpump",NA,"outlet","Tannabi","Romo","Yes","Hand Pump","No","Mechanical Issue","No","Water Scheme, Source within 100m"
"10635",10635,"8c4e8aab-3728-4710-ae49-7570488866f9","8c4e8aab-3728-4710-ae49-7570488866f9","Bagwai","Kano","Northwest",82,"12.13423094 8.09507031 561.7000122070313 5.0","1342098459871.jpg","kano_bagwai","1342098459871.jpg","Handpump","handpump","borehole_tube_well","water_source","S/YA","W/BAGGA","Yes","Hand Pump","Yes","Functional","No","Stand Alone Water Point"
"10636",10636,"eff2f544-e5f6-4d66-bad7-fa74db8699d6","eff2f544-e5f6-4d66-bad7-fa74db8699d6","Bagwai","Kano","Northwest",82,"12.15195171 8.0651537 543.5999755859375 5.0","1342180662892.jpg","kano_bagwai","1342180662892.jpg","Overhead Tank (1,000)","one_thousand_overhead",NA,"outlet","Gogori","Gogori","Yes","Tap (unknown lift)","Yes","Functional","No","Water Scheme, Source within 100m"
"10637",10637,"d39774fa-af9f-4a76-8b79-9ccc37afed92","d39774fa-af9f-4a76-8b79-9ccc37afed92","Bagwai","Kano","Northwest",82,"12.14222123 8.02551515 560.5 5.0","1342099641601.jpg","kano_bagwai","1342099641601.jpg","Handpump","handpump",NA,"outlet","Badugu sare","Sere sere","Yes","Hand Pump","Yes","Functional","No","Water Scheme, Source within 100m"
"10638",10638,"63b8233a-49cb-4710-ae7b-a7414b6198a8","63b8233a-49cb-4710-ae7b-a7414b6198a8","Bagwai","Kano","Northwest",82,"12.0726599 8.16524433 535.2000122070313 5.0","1342103900984.jpg","kano_bagwai","1342103900984.jpg","Unimproved","unimproved","unprotected_dug_well","water_source","Romo","Romo","No","Manual","Yes","Functional","No","Stand Alone Water Point"
"10639",10639,"78c9d075-0cbc-44db-be1f-f77ae4289c25","78c9d075-0cbc-44db-be1f-f77ae4289c25","Bagwai","Kano","Northwest",82,"12.08178148 8.19181666 549.9000244140625 5.0","1342437554142.jpg","kano_bagwai","1342437554142.jpg","Unimproved","unimproved","unprotected_dug_well","water_source","Barue","Rimi dako","No","Manual","Yes","Functional","No","Stand Alone Water Point"
"10640",10640,"ecf02f2e-8db1-471e-9ac1-ff92c6dac3ff","ecf02f2e-8db1-471e-9ac1-ff92c6dac3ff","Bagwai","Kano","Northwest",82,"12.01082338 8.13340341 542.0999755859375 5.0","1342438570628.jpg","kano_bagwai","1342438570628.jpg","Handpump","handpump",NA,"dk","Dangada","Dangada","Yes","Hand Pump","Yes","Functional","No",NA
"10641",10641,"1bd61aef-3b1a-47b1-99f2-4da917c7fc8a","1bd61aef-3b1a-47b1-99f2-4da917c7fc8a","Bagwai","Kano","Northwest",82,"12.06761656 8.2433047 525.7000122070313 5.0","1342005894743.jpg","kano_bagwai","1342005894743.jpg","Handpump","handpump",NA,"outlet","Tuga","Kwajale","Yes","Hand Pump","Yes","Functional","No","Water Scheme, Source within 100m"
"10642",10642,"1f2a1329-7b40-423c-b8a3-b04a49a8ae63","1f2a1329-7b40-423c-b8a3-b04a49a8ae63","Bagwai","Kano","Northwest",82,"12.13727751 8.16555837 524.5 5.0","1342179868819.jpg","kano_bagwai","1342179868819.jpg","Handpump","handpump","borehole_tube_well","water_source","U/KIYAWA","KIYAWA","Yes","Hand Pump","Yes","Functional","No","Stand Alone Water Point"
"10643",10643,"00956eae-c030-42e6-95f8-ce1887624a8a","00956eae-c030-42e6-95f8-ce1887624a8a","Bagwai","Kano","Northwest",82,"12.09319091 8.24896091 522.0999755859375 5.0","1342446826593.jpg","kano_bagwai","1342446826593.jpg","Unimproved","unimproved","unprotected_dug_well","water_source","Labawa","Rimi dako","No","Manual","Yes","Functional","No","Stand Alone Water Point"
"10644",10644,"bb0aadf5-c8e6-4130-9260-5214b7e3f1cb","bb0aadf5-c8e6-4130-9260-5214b7e3f1cb","Bagwai","Kano","Northwest",82,"12.07427009 8.16705519 535.7000122070313 5.0","1342099393214.jpg","kano_bagwai","1342099393214.jpg","Handpump","handpump",NA,"outlet","Centre Romo","Romo","Yes","Hand Pump","Yes","Functional","No","Water Scheme, Source within 100m"
"10645",10645,"e8cb2c8d-3430-4004-b0dd-50832c06822e","e8cb2c8d-3430-4004-b0dd-50832c06822e","Bagwai","Kano","Northwest",82,"12.116982 8.18422643 527.7999877929688 5.0","1342176486048.jpg","kano_bagwai","1342176486048.jpg","Handpump","handpump","borehole_tube_well","water_source","GALADANCI","KIYAWA","Yes","Hand Pump","No","Mechanical Issue","Yes","Stand Alone Water Point"
"10646",10646,"93846925-f2be-4ff8-befb-3ae54593c77c","93846925-f2be-4ff8-befb-3ae54593c77c","Bagwai","Kano","Northwest",82,"12.03733153 8.21633963 546.0 5.0","1342009142157.jpg","kano_bagwai","1342009142157.jpg","Handpump","handpump",NA,"outlet","Kwajale","Kwajale","Yes","Hand Pump","Yes","Functional","No","Water Scheme, Source within 100m"
"10647",10647,"54f24eab-c36f-4523-bbbe-6a96417a3b72","54f24eab-c36f-4523-bbbe-6a96417a3b72","Bagwai","Kano","Northwest",82,"12.03707285 8.21735887 555.2999877929688 5.0","1342009822287.jpg","kano_bagwai","1342009822287.jpg","Unimproved","unimproved","unprotected_dug_well","water_source","Kwajale","Kwajale","No",NA,"No","Poorly Constructed","No","Stand Alone Water Point"
"10648",10648,"a9ce72cc-fd55-4577-8b99-d70fc52ba3c9","a9ce72cc-fd55-4577-8b99-d70fc52ba3c9","Bagwai","Kano","Northwest",82,"12.07423701 8.16575305 532.7999877929688 5.0","1342103149904.jpg","kano_bagwai","1342103149904.jpg","Handpump","handpump","borehole_tube_well","water_source","Romo","Romo","Yes","Hand Pump","No","Poorly Constructed","No","Stand Alone Water Point"
"10649",10649,"eefdaa86-c3fe-4555-99ac-1d3851d7e3b4","eefdaa86-c3fe-4555-99ac-1d3851d7e3b4","Bagwai","Kano","Northwest",82,"12.12092922 8.18526582 497.0 49.0","1342176933230.jpg","kano_bagwai","1342176933230.jpg","Handpump","handpump","borehole_tube_well","water_source","BAWA","KIYAWA","Yes","Hand Pump","No","Mechanical Issue","No","Stand Alone Water Point"
"10650",10650,"4638f0fd-8288-42d5-a032-9c503a6fee1e","4638f0fd-8288-42d5-a032-9c503a6fee1e","Bagwai","Kano","Northwest",82,"12.06678335 8.05599854 599.2000122070313 5.0","1342017359168.jpg","kano_bagwai","1342017359168.jpg","Tap","tap",NA,"outlet","Jobenyamma","Gadanya","Yes","Tap (unknown lift)","No","Mechanical Issue","No","Water Scheme, Source within 1km"
"10651",10651,"e021fc1e-70df-4a88-8b04-bf3d57a1fd22","e021fc1e-70df-4a88-8b04-bf3d57a1fd22","Bagwai","Kano","Northwest",82,"12.15048675 8.0678495 549.7000122070313 5.0","1342176976118.jpg","kano_bagwai","1342176976118.jpg","Unimproved","unimproved","dk","water_source","Gogori","Gogori","No",NA,"Yes","Functional","No","Stand Alone Water Point"
"10652",10652,"8afaa484-a9a8-49c7-bb57-780b99d351ed","8afaa484-a9a8-49c7-bb57-780b99d351ed","Bagwai","Kano","Northwest",82,"12.03559693 8.20960272 562.2000122070313 5.0","1342009528824.jpg","kano_bagwai","1342009528824.jpg","Unimproved","unimproved","unprotected_dug_well","water_source","Kwajale","Kwajale","No",NA,"Yes","Functional","No","Stand Alone Water Point"
"10653",10653,"e6db2cc5-5604-439f-8544-6b59141c2bc7","e6db2cc5-5604-439f-8544-6b59141c2bc7","Bagwai","Kano","Northwest",82,"12.15190076 8.06989443 552.2000122070313 5.0","1342177805337.jpg","kano_bagwai","1342177805337.jpg","Handpump","handpump",NA,"outlet","Gogori","Gogori","Yes","Hand Pump","Yes","Functional","No","Water Scheme, Source within 1km"
"10654",10654,"4612cab1-b1fb-4431-a3d7-052278449207","4612cab1-b1fb-4431-a3d7-052278449207","Bagwai","Kano","Northwest",82,"12.04266606 8.22721619 522.7999877929688 5.0","1342010923899.jpg","kano_bagwai","1342010923899.jpg","Handpump","handpump","borehole_tube_well","water_source","Tuga","Kwajale","Yes","Hand Pump","Yes","Functional","No","Stand Alone Water Point"
"10655",10655,"63ff56a0-2575-46bf-9383-4b7699b5c0e9","63ff56a0-2575-46bf-9383-4b7699b5c0e9","Bagwai","Kano","Northwest",82,"12.19376464 8.17017317 542.5999755859375 5.0","1342008653662.jpg","kano_bagwai","1342008653662.jpg","Tap","tap",NA,"outlet","Daddauda","Bagwai","Yes","Tap (unknown lift)","Yes","Functional","No","Water Scheme, Source further than 1km"
"10656",10656,"a0e44b34-eaf7-49aa-b950-7f5b6d24b2e1","a0e44b34-eaf7-49aa-b950-7f5b6d24b2e1","Bagwai","Kano","Northwest",82,"12.09331822 8.25036904 532.0 5.0","1342446503648.jpg","kano_bagwai","1342446503648.jpg","Unimproved","unimproved","unprotected_dug_well","water_source","Labawa","Rimi dako","No","Manual","Yes","Functional","No","Stand Alone Water Point"
"10657",10657,"e8b41165-d8f0-4de1-8815-9521e8516eea","e8b41165-d8f0-4de1-8815-9521e8516eea","Bagwai","Kano","Northwest",82,"12.08377465 8.24899766 521.9000244140625 5.0","1342440121050.jpg","kano_bagwai","1342440121050.jpg","Unimproved","unimproved","unprotected_dug_well","water_source","Rimin Dako chikin gari","Rimin Dako","No",NA,"No","Don't Know","No","Stand Alone Water Point"
"10658",10658,"16cf83ca-c251-429c-a374-7f0a50d64c1b","16cf83ca-c251-429c-a374-7f0a50d64c1b","Bagwai","Kano","Northwest",82,"12.04966926 8.18382072 541.2000122070313 5.0","1342102364766.jpg","kano_bagwai","1342102364766.jpg","Handpump","handpump",NA,"outlet","Yarnaku","Kwajale","Yes","Hand Pump","Yes","Functional","No","Water Scheme, Source within 100m"
"10659",10659,"0fd37e8d-69a9-4f22-be46-7547a7f6a018","0fd37e8d-69a9-4f22-be46-7547a7f6a018","Bagwai","Kano","Northwest",82,"12.03926742 8.16670855 571.2000122070313 5.0","1342524602167.jpg","kano_bagwai","1342524602167.jpg","Unimproved","unimproved","unprotected_dug_well","water_source","Kafimaiko","Dangada","No",NA,"No","Poor Water Quality","No","Stand Alone Water Point"
"10660",10660,"5a054801-2fad-4154-a404-f02dfb494b39","5a054801-2fad-4154-a404-f02dfb494b39","Bagwai","Kano","Northwest",82,"12.15048154 8.0660515 538.2000122070313 5.0","1342180254925.jpg","kano_bagwai","1342180254925.jpg","Overhead Tank (5,000)","ten_thousand_overhead",NA,"outlet","Gogori","Gogori","Yes","Tap (unknown lift)","Yes","Functional","No","Water Scheme, Source within 100m"
"10661",10661,"a0f60baa-ab9e-4566-9ed0-f160929a96f9","a0f60baa-ab9e-4566-9ed0-f160929a96f9","Bagwai","Kano","Northwest",82,"12.09325772 8.24956698 515.7999877929688 5.0","1342443188988.jpg","kano_bagwai","1342443188988.jpg","Unimproved","unimproved","unprotected_dug_well","water_source","Labawa","Rimin Dako","No",NA,"Yes","Functional","No","Stand Alone Water Point"
"10662",10662,"2c437d1c-3b4d-47f3-be6a-aa6d1b04959e","2c437d1c-3b4d-47f3-be6a-aa6d1b04959e","Bagwai","Kano","Northwest",82,"12.09090514 8.033756 582.4000244140625 5.0","1342005706241.jpg","kano_bagwai","1342005706241.jpg","Unimproved","unimproved","dam","water_source","Gadanya","Gadanya","No",NA,"Yes","Functional","No","Stand Alone Water Point"
"10663",10663,"5b67754a-d80c-40f5-9cc1-ded988f6d0fc","5b67754a-d80c-40f5-9cc1-ded988f6d0fc","Bagwai","Kano","Northwest",82,"12.14988185 8.06720562 549.0999755859375 5.0","1342176228668.jpg","kano_bagwai","1342176228668.jpg","Handpump","handpump",NA,"outlet","Gogori","Gogori","Yes","Hand Pump","No","Mechanical Issue","Don't Know","Water Scheme, Source within 1km"
"10664",10664,"b1447f16-c4d4-41ca-b459-d81d6a7e8e5e","b1447f16-c4d4-41ca-b459-d81d6a7e8e5e","Bagwai","Kano","Northwest",82,"12.07423257 8.16606913 544.5999755859375 5.0","1342103008944.jpg","kano_bagwai","1342103008944.jpg","Handpump","handpump","borehole_tube_well","water_source","Romo","Romo","Yes","Hand Pump","Yes","Functional","No","Stand Alone Water Point"
"10665",10665,"72ec4ab8-0a0f-43f3-886d-bf2af4aa2f25","72ec4ab8-0a0f-43f3-886d-bf2af4aa2f25","Bagwai","Kano","Northwest",82,"12.15266386 8.10229324 548.9000244140625 5.0","1342094542505.jpg","kano_bagwai","1342094542505.jpg","Handpump","handpump","borehole_tube_well","water_source","LIRINGO","W/BAGGA","Yes","Hand Pump","No","Mechanical Issue","Yes","Stand Alone Water Point"
"10666",10666,"54b61252-ba6b-42e7-a3d7-b259749e2ded","54b61252-ba6b-42e7-a3d7-b259749e2ded","Bagwai","Kano","Northwest",82,"12.0767312 8.16584568 527.9000244140625 5.0","1342103319826.jpg","kano_bagwai","1342103319826.jpg","Handpump","handpump","borehole_tube_well","water_source","Romo","Romo","Yes","Hand Pump","Yes","Functional","No","Stand Alone Water Point"
"10667",10667,"277a91e5-c066-4767-9335-a2be4727e010","277a91e5-c066-4767-9335-a2be4727e010","Bagwai","Kano","Northwest",82,"12.03605456 8.22032953 544.5 5.0","1342010320411.jpg","kano_bagwai","1342010320411.jpg","Handpump","handpump","borehole_tube_well","water_source","Kwajale","Kwajale","Yes","Hand Pump","No","Poor Water Quality","No","Stand Alone Water Point"
"10668",10668,"e6d75152-3480-48d9-80eb-e0065f39b8e6","e6d75152-3480-48d9-80eb-e0065f39b8e6","Bagwai","Kano","Northwest",82,"12.15503948 8.13477444 526.5999755859375 5.0","1342018105346.jpg","kano_bagwai","1342018105346.jpg","Handpump","handpump","borehole_tube_well","water_source","BAGWAI ","BAGWAI ","Yes","Hand Pump","No","Mechanical Issue","Yes","Stand Alone Water Point"
"10669",10669,"2910755d-ee6e-45cf-9675-bfc52f6014c5","2910755d-ee6e-45cf-9675-bfc52f6014c5","Bagwai","Kano","Northwest",82,"12.01184727 8.12664415 551.5999755859375 5.0","1342442844659.jpg","kano_bagwai","1342442844659.jpg","Handpump","handpump",NA,"dk","Mahauta","Dangada","Yes","Hand Pump","Yes","Functional","No",NA
"10670",10670,"b32237c6-ff6f-44e5-a642-9f0ea9cbc7df","b32237c6-ff6f-44e5-a642-9f0ea9cbc7df","Bagwai","Kano","Northwest",82,"12.0113838 8.1284535 536.5 5.0","1342440553224.jpg","kano_bagwai","1342440553224.jpg","Handpump","handpump",NA,"dk","Dangada","Dangada","Yes","Hand Pump","Yes","Functional","No",NA
"10671",10671,"9e75d2f6-640d-4f85-918e-93801bead753","9e75d2f6-640d-4f85-918e-93801bead753","Bagwai","Kano","Northwest",82,"12.13145051 8.20456046 512.7000122070313 5.0","1342178052899.jpg","kano_bagwai","1342178052899.jpg","Unimproved","unimproved","unprotected_dug_well","water_source","K / ADAM","KIYA WA","No",NA,"Yes","Functional","No","Stand Alone Water Point"
"10672",10672,"fef12a46-eef1-4ee5-8e30-9c7a7cb0e7ed","fef12a46-eef1-4ee5-8e30-9c7a7cb0e7ed","Bagwai","Kano","Northwest",82,"12.08601549 8.20710989 532.0999755859375 5.0","1342270651749.jpg","kano_bagwai","1342270651749.jpg","Unimproved","unimproved","unprotected_dug_well","water_source","Baure","Rimi dako","No","Manual","No","Dry Well","No","Stand Alone Water Point"
"10673",10673,"ad9d4203-1675-4aea-8418-243c22121509","ad9d4203-1675-4aea-8418-243c22121509","Bagwai","Kano","Northwest",82,"12.10480029 8.06399573 572.4000244140625 5.0","1342023837798.jpg","kano_bagwai","1342023837798.jpg","Unimproved","unimproved","unprotected_dug_well","water_source","Tudara","Tudara","No",NA,"Yes","Functional","No","Stand Alone Water Point"
"10674",10674,"a0f20e1c-955c-4382-be9c-db42bf45257d","a0f20e1c-955c-4382-be9c-db42bf45257d","Bagwai","Kano","Northwest",82,"12.12915379 8.13251186 539.0 5.0","1342101812223.jpg","kano_bagwai","1342101812223.jpg","Handpump","handpump",NA,"dk","Majingini","Wuro Bagga","Yes","Hand Pump","Yes","Functional","No",NA
"10675",10675,"d4ab56fc-6e78-4316-9dec-21b45f0488d9","d4ab56fc-6e78-4316-9dec-21b45f0488d9","Bagwai","Kano","Northwest",82,"12.15691584 8.10043008 561.7000122070313 15.0","1342093755606.jpg","kano_bagwai","1342093755606.jpg","Unimproved","unimproved","protected_dug_well","water_source","LIRINGO","W/B","No",NA,"Yes","Functional","Yes","Stand Alone Water Point"
"10676",10676,"6fa59e9e-07d4-46b9-9fe3-c21b534bb0c0","6fa59e9e-07d4-46b9-9fe3-c21b534bb0c0","Bagwai","Kano","Northwest",82,"12.08269148 8.25149792 511.70001220703125 5.0","1342440320823.jpg","kano_bagwai","1342440320823.jpg","Unimproved","unimproved","unprotected_dug_well","water_source","Munkebe","Rimin Dako","No",NA,"Yes","Functional","No","Stand Alone Water Point"
"10677",10677,"ad0d54b6-bcef-4a7e-88c4-2a6a5f6b6359","ad0d54b6-bcef-4a7e-88c4-2a6a5f6b6359","Bagwai","Kano","Northwest",82,"12.0950103 8.03818331 581.9000244140625 5.0","1342013148427.jpg","kano_bagwai","1342013148427.jpg","Overhead Tank (1,000)","one_thousand_overhead",NA,"outlet","Gadanya","Gadanya","Yes","Tap (unknown lift)","No","Mechanical Issue","Don't Know","Water Scheme, Source within 1km"
"10678",10678,"1aa7ceca-c68a-4431-9b1e-174f7a96745b","1aa7ceca-c68a-4431-9b1e-174f7a96745b","Bagwai","Kano","Northwest",82,"12.05518469 8.16623004 555.0 5.0","1342101364933.jpg","kano_bagwai","1342101364933.jpg","Handpump","handpump",NA,"outlet","Liringo","Romo","Yes","Hand Pump","Yes","Functional","No","Water Scheme, Source within 100m"
"10679",10679,"ce6b2e0e-d162-4da2-84a6-1617c6444b52","ce6b2e0e-d162-4da2-84a6-1617c6444b52","Bagwai","Kano","Northwest",82,"12.06244397 8.19304336 540.2000122070313 5.0","1342092981350.jpg","kano_bagwai","1342092981350.jpg","Handpump","handpump",NA,"outlet","Rimin Bai","Kwajale","Yes","Hand Pump","Yes","Functional","No","Water Scheme, Source within 100m"
"10680",10680,"84b8516b-bf9a-4b7a-8b8a-38c9267cd6df","84b8516b-bf9a-4b7a-8b8a-38c9267cd6df","Bagwai","Kano","Northwest",82,"12.19431996 8.17373938 553.2000122070313 5.0","1342005007720.jpg","kano_bagwai","1342005007720.jpg","Tap","tap",NA,"outlet","Dadduda","Bagwai","Yes","Tap (unknown lift)","Yes","Functional","No","Water Scheme, Source within 100m"
"10681",10681,"d33d24ef-5018-4ba0-bc0a-f44dd98b5b68","d33d24ef-5018-4ba0-bc0a-f44dd98b5b68","Bagwai","Kano","Northwest",82,"12.11788563 8.15028769 539.5999755859375 5.0","1342529929716.jpg","kano_bagwai","1342529929716.jpg","Handpump","handpump",NA,"outlet","Marauni","Romo","Yes","Hand Pump","Yes","Functional","No","Water Scheme, Source within 100m"
"10682",10682,"ad09dffa-4add-4f68-abd8-40474950f914","ad09dffa-4add-4f68-abd8-40474950f914","Bagwai","Kano","Northwest",82,"12.06722469 8.25091405 517.5 5.0","1342005274967.jpg","kano_bagwai","1342005274967.jpg","Unimproved","unimproved","unprotected_dug_well","water_source","Tuga","Kwajale","No","Manual","Yes","Functional","No","Stand Alone Water Point"
"10683",10683,"009138ac-f47b-4c5a-a177-6d1532019b69","009138ac-f47b-4c5a-a177-6d1532019b69","Bagwai","Kano","Northwest",82,"12.15649596 8.13851506 533.2999877929688 26.0","1342014871395.jpg","kano_bagwai","1342014871395.jpg","Handpump","handpump","borehole_tube_well","water_source","BAGWAI","BAGWAI","Yes","Hand Pump","Yes","Functional","No","Stand Alone Water Point"
"10684",10684,"21a13f11-aa22-47fd-83d2-d13cd4881b0b","21a13f11-aa22-47fd-83d2-d13cd4881b0b","Bagwai","Kano","Northwest",82,"12.07243254 8.16693497 532.9000244140625 5.0","1342102284219.jpg","kano_bagwai","1342102284219.jpg","Overhead Tank (1,000)","one_thousand_overhead","borehole_tube_well","water_source","Romo","Romo","Yes",NA,"Yes","Functional","No","Stand Alone Water Point"
"10685",10685,"840a793f-5efa-41e6-b2a0-7137c0feb1f0","840a793f-5efa-41e6-b2a0-7137c0feb1f0","Bagwai","Kano","Northwest",82,"12.13213416 8.16936152 526.4000244140625 5.0","1342179456247.jpg","kano_bagwai","1342179456247.jpg","Overhead Tank (1,000)","one_thousand_overhead","borehole_tube_well","water_source","Jaruwa","Kiyawa","Yes",NA,"No","Mechanical Issue","No","Stand Alone Water Point"
"10686",10686,"2546c890-9114-4097-84c8-ce5f13fb4eb8","2546c890-9114-4097-84c8-ce5f13fb4eb8","Bagwai","Kano","Northwest",82,"12.08668821 8.12136567 551.4000244140625 5.0","1342269611551.jpg","kano_bagwai","1342269611551.jpg","Unimproved","unimproved","unprotected_dug_well","water_source","Jarumawa Dokaji","Rono","No","Manual","Yes","Functional","No","Stand Alone Water Point"
"10687",10687,"a371f6c2-4c2d-402d-9d0e-e9635e34d616","a371f6c2-4c2d-402d-9d0e-e9635e34d616","Bagwai","Kano","Northwest",82,"12.11269513 8.16055562 541.9000244140625 5.0","1342271230985.jpg","kano_bagwai","1342271230985.jpg","Handpump","handpump",NA,"dk","Jarumawa","Romo","Yes","Hand Pump","No","Mechanical Issue","No",NA
"10688",10688,"5ba10320-8c09-429e-804e-7f7d77a8038d","5ba10320-8c09-429e-804e-7f7d77a8038d","Bagwai","Kano","Northwest",82,"12.04082171 8.24947611 528.9000244140625 5.0","1342017637762.jpg","kano_bagwai","1342017637762.jpg","Handpump","handpump","unprotected_dug_well","water_source","Unguwar Kwari","Kwajale","Yes","Hand Pump","Yes","Functional","No","Stand Alone Water Point"
"10689",10689,"710eb94c-ad57-4a1b-87c8-f5da2c28cdc5","710eb94c-ad57-4a1b-87c8-f5da2c28cdc5","Bagwai","Kano","Northwest",82,"12.04563827 8.18725124 545.5 5.0","1342103819734.jpg","kano_bagwai","1342103819734.jpg","Unimproved","unimproved","unprotected_dug_well","water_source","Kariya","Kwajale","No",NA,"No","Dry Well","No","Stand Alone Water Point"
"10690",10690,"9439981e-c023-4cd4-9683-6d7a6520e8d3","9439981e-c023-4cd4-9683-6d7a6520e8d3","Bagwai","Kano","Northwest",82,"12.14070775 8.00543149 566.5999755859375 5.0","1342099460528.jpg","kano_bagwai","1342099460528.jpg","Unimproved","unimproved","unprotected_dug_well","water_source","Galawa","Gogori","No",NA,"Yes","Functional","No","Stand Alone Water Point"
"10691",10691,"6169bafd-ee9f-4f83-8598-ff6f82de35f3","6169bafd-ee9f-4f83-8598-ff6f82de35f3","Bagwai","Kano","Northwest",82,"12.12354084 8.07456755 538.0999755859375 5.0","1342097316835.jpg","kano_bagwai","1342097316835.jpg","Handpump","handpump",NA,"dk","Ginzo","Wuro Bagga","Yes","Hand Pump","Yes","Functional","No",NA
"10692",10692,"325e99c3-488d-4440-9e07-efcfcdfb0774","325e99c3-488d-4440-9e07-efcfcdfb0774","Bagwai","Kano","Northwest",82,"12.01056571 8.12977461 546.0 5.0","1342448053209.jpg","kano_bagwai","1342448053209.jpg","Handpump","handpump",NA,"dk","Garu","Dangada","Yes","Hand Pump","No","Dry Well","No",NA
"10693",10693,"bbe130ef-2a7a-4ac8-8eee-d8d6f74a1fc5","bbe130ef-2a7a-4ac8-8eee-d8d6f74a1fc5","Bagwai","Kano","Northwest",82,"12.04316613 8.20160289 509.3999938964844 5.0","1342441888287.jpg","kano_bagwai","1342441888287.jpg","Unimproved","unimproved","unprotected_dug_well","water_source","Riminbai","Dangada","No",NA,"Yes","Functional","No","Stand Alone Water Point"
"10694",10694,"e9c38acb-1740-44ee-ab4b-fa834522f8d3","e9c38acb-1740-44ee-ab4b-fa834522f8d3","Bagwai","Kano","Northwest",82,"12.04285296 8.24700112 514.0 5.0","1342022400002.jpg","kano_bagwai","1342022400002.jpg","Unimproved","unimproved","unprotected_dug_well","water_source","Hawewa","Kwajale","No","Manual","Yes","Functional","No","Stand Alone Water Point"
"10695",10695,"00f711bb-d626-49c0-8957-37ca35e7459c","00f711bb-d626-49c0-8957-37ca35e7459c","Bagwai","Kano","Northwest",82,"12.1047471 8.06643627 569.2000122070313 5.0","1342023036476.jpg","kano_bagwai","1342023036476.jpg","Unimproved","unimproved","unprotected_dug_well","water_source","Tudara","Gadanya","No",NA,"Yes","Functional","No","Stand Alone Water Point"
"10696",10696,"943e2be4-1818-40ab-b8ae-04355a28a530","943e2be4-1818-40ab-b8ae-04355a28a530","Bagwai","Kano","Northwest",82,"12.1581046 8.10171362 545.2000122070313 5.0","1342094057152.jpg","kano_bagwai","1342094057152.jpg","Handpump","handpump","borehole_tube_well","water_source","LIRINGO","W/BAGGA","Yes","Hand Pump","Yes","Functional","No","Stand Alone Water Point"
"10697",10697,"3ede4145-2d79-4cd8-90b9-85122cb44a7e","3ede4145-2d79-4cd8-90b9-85122cb44a7e","Bagwai","Kano","Northwest",82,"12.00748978 8.13313298 544.4000244140625 5.0","1342448776737.jpg","kano_bagwai","1342448776737.jpg","Handpump","handpump",NA,"dk","Zango B","Dangada","Yes","Hand Pump","Yes","Functional","No",NA
"10698",10698,"fbccb4c5-5f8b-4731-9b31-fa2215fd47b5","fbccb4c5-5f8b-4731-9b31-fa2215fd47b5","Bagwai","Kano","Northwest",82,"12.1176594 8.18542048 535.7999877929688 34.0","1342176738944.jpg","kano_bagwai","1342176738944.jpg","Handpump","handpump","borehole_tube_well","water_source","GALADANCI","KIYAWA","Yes","Hand Pump","Yes","Functional","Yes","Stand Alone Water Point"
"10699",10699,"20728e66-3b57-4481-98e5-d2fff34c86c7","20728e66-3b57-4481-98e5-d2fff34c86c7","Bagwai","Kano","Northwest",82,"12.04325316 8.20131386 527.0999755859375 5.0","1342441830652.jpg","kano_bagwai","1342441830652.jpg","Handpump","handpump",NA,"outlet","Riminbai","Dangada","Yes","Hand Pump","Yes","Functional","No","Water Scheme, Source within 100m"
"10700",10700,"5c285a3a-94da-4924-a084-4d830368ef0d","5c285a3a-94da-4924-a084-4d830368ef0d","Bagwai","Kano","Northwest",82,"12.10901139 8.15666826 553.9000244140625 5.0","1342109903016.jpg","kano_bagwai","1342109903016.jpg","Handpump","handpump","borehole_tube_well","water_source","Jarumawa","Romo","Yes","Hand Pump","No","Dry Well","No","Stand Alone Water Point"
"10701",10701,"0a3d7289-c776-43ff-a938-e61d4624bcb6","0a3d7289-c776-43ff-a938-e61d4624bcb6","Bagwai","Kano","Northwest",82,"12.11804958 8.19211844 536.5999755859375 5.0","1342266452520.jpg","kano_bagwai","1342266452520.jpg","Handpump","handpump",NA,"dk","Zage","Kiawa Ward","Yes","Hand Pump","No","Dry Well","No",NA
"10702",10702,"93efd287-c9be-4f34-a5e5-dab94bea1086","93efd287-c9be-4f34-a5e5-dab94bea1086","Bagwai","Kano","Northwest",82,"12.09604853 8.03576423 573.2999877929688 5.0","1342011628728.jpg","kano_bagwai","1342011628728.jpg","Handpump","handpump",NA,"outlet","Gadanya","Gadanya","Yes","Hand Pump","Yes","Functional","No","Water Scheme, Source within 100m"
"10703",10703,"a5096060-c793-471e-b841-a46d54c2c2e3","a5096060-c793-471e-b841-a46d54c2c2e3","Bagwai","Kano","Northwest",82,"12.03415368 8.13173437 579.2999877929688 5.0","1342432917665.jpg","kano_bagwai","1342432917665.jpg","Handpump","handpump",NA,"dk","U/Mata","Dangada","Yes","Hand Pump","Yes","Functional","No",NA
"10704",10704,"98f10501-65fb-4169-ac35-d107958bb377","98f10501-65fb-4169-ac35-d107958bb377","Bagwai","Kano","Northwest",82,"12.05493249 8.16775404 556.5 5.0","1342104908416.jpg","kano_bagwai","1342104908416.jpg","Handpump","handpump","borehole_tube_well","water_source","Liringu","Romo","Yes","Hand Pump","Yes","Functional","No","Stand Alone Water Point"
"10705",10705,"6a19fcea-aaee-4a54-a797-5506fbbf5c46","6a19fcea-aaee-4a54-a797-5506fbbf5c46","Bagwai","Kano","Northwest",82,"12.11124062 8.13914022 543.5999755859375 5.0","1342532003886.jpg","kano_bagwai","1342532003886.jpg","Handpump","handpump","borehole_tube_well","water_source","Bokawa","Romo","Yes","Hand Pump","Yes","Functional","No","Stand Alone Water Point"
"10706",10706,"ea062cd6-8115-4be9-9558-b943e80313fd","ea062cd6-8115-4be9-9558-b943e80313fd","Bagwai","Kano","Northwest",82,"12.15371425 8.13803447 531.2000122070313 5.0","1342102746048.jpg","kano_bagwai","1342102746048.jpg","Handpump","handpump",NA,"dk","Bagoi","Bagoi","Yes","Hand Pump","Yes","Functional","No",NA
"10707",10707,"8840ff8b-8c8a-445a-b24e-c511e8cd4b7e","8840ff8b-8c8a-445a-b24e-c511e8cd4b7e","Bagwai","Kano","Northwest",82,"12.07307683 8.1671674 527.2000122070313 5.0","1342102694018.jpg","kano_bagwai","1342102694018.jpg","Tap","tap",NA,"outlet","Romo","Romo","Yes","Tap (unknown lift)","Yes","Functional","No","Water Scheme, Source within 1km"
"10708",10708,"6b858737-e352-4830-b86c-054b1071907e","6b858737-e352-4830-b86c-054b1071907e","Bagwai","Kano","Northwest",82,"12.03695995 8.21653313 532.2999877929688 5.0","1342010062867.jpg","kano_bagwai","1342010062867.jpg","Unimproved","unimproved","unprotected_dug_well","water_source","Kwajale","Kwajale","No",NA,"Yes","Functional","No","Stand Alone Water Point"
"10709",10709,"3dc55f0d-0cfc-4404-9681-5b823ebf54dd","3dc55f0d-0cfc-4404-9681-5b823ebf54dd","Bagwai","Kano","Northwest",82,"12.07304926 8.16719803 539.9000244140625 5.0","1342099186576.jpg","kano_bagwai","1342099186576.jpg","Handpump","handpump",NA,"outlet","Barebari","Romo","Yes","Hand Pump","No","Mechanical Issue","No","Water Scheme, Source within 100m"
"10710",10710,"b6310906-32cd-499d-9dfb-5432a03db148","b6310906-32cd-499d-9dfb-5432a03db148","Bagwai","Kano","Northwest",82,"12.14927022 8.06705859 548.5999755859375 5.0","1342177443889.jpg","kano_bagwai","1342177443889.jpg","Unimproved","unimproved","dk","water_source","Gogori","Gogori","No",NA,"Yes","Functional","No","Stand Alone Water Point"
"10711",10711,"952bfbc6-7922-4f89-b177-cfb409792468","952bfbc6-7922-4f89-b177-cfb409792468","Bagwai","Kano","Northwest",82,"12.11259179 8.16056281 543.0999755859375 5.0","1342106239016.jpg","kano_bagwai","1342106239016.jpg","Handpump","handpump",NA,"outlet","Jarimawa","Romo","Yes","Hand Pump","No","Mechanical Issue","No","Water Scheme, Source within 100m"
"10712",10712,"1bb02505-011e-40ae-b68b-a3f63867835c","1bb02505-011e-40ae-b68b-a3f63867835c","Bagwai","Kano","Northwest",82,"12.08238805 8.1274354 579.5 5.0","1342179528867.jpg","kano_bagwai","1342179528867.jpg","Unimproved","unimproved","unprotected_dug_well","water_source","Dokaji","Romo","No",NA,"Yes","Functional","No","Stand Alone Water Point"
"10713",10713,"ca056bd1-a1bb-4e99-8ac7-c479d2bc3c63","ca056bd1-a1bb-4e99-8ac7-c479d2bc3c63","Bagwai","Kano","Northwest",82,"12.037566 8.16737899 567.5999755859375 5.0","1342528083057.jpg","kano_bagwai","1342528083057.jpg","Handpump","handpump","borehole_tube_well","water_source","Kafin maiko","Dangada","Yes","Hand Pump","No","Poorly Constructed","No","Stand Alone Water Point"
"10714",10714,"b1a2f848-93b9-4c38-a76d-697bd41f0c85","b1a2f848-93b9-4c38-a76d-697bd41f0c85","Bagwai","Kano","Northwest",82,"12.08720842 8.13382121 556.5 5.0","1342181723013.jpg","kano_bagwai","1342181723013.jpg","Unimproved","unimproved","unprotected_dug_well","water_source","Jarimaya makira","Romo","No","Manual","Yes","Functional","No","Stand Alone Water Point"
"10715",10715,"adad2a69-917f-4310-9e16-e48a38216579","adad2a69-917f-4310-9e16-e48a38216579","Bagwai","Kano","Northwest",82,"12.08241533 8.25179253 523.2999877929688 5.0","1342443788656.jpg","kano_bagwai","1342443788656.jpg","Overhead Tank (1,000)","one_thousand_overhead","borehole_tube_well","water_source","Munkebe","Rimi dako","Yes","Diesel","Yes","Functional","No","Stand Alone Water Point"
"10716",10716,"3b001c32-97c8-4129-b77e-03166a004991","3b001c32-97c8-4129-b77e-03166a004991","Bagwai","Kano","Northwest",82,"12.19380724 8.13253264 531.5999755859375 5.0","1342017651213.jpg","kano_bagwai","1342017651213.jpg","Overhead Tank (1,000)","one_thousand_overhead",NA,"dk","Badau","Worobagga","Yes",NA,"Yes","Functional","Yes",NA
"10717",10717,"443fc543-19b4-4c0d-9cda-e929d9c6bfe8","443fc543-19b4-4c0d-9cda-e929d9c6bfe8","Bagwai","Kano","Northwest",82,"12.00924872 8.12810521 529.5999755859375 5.0","1342448382632.jpg","kano_bagwai","1342448382632.jpg","Handpump","handpump",NA,"dk","Zango","Dangada","Yes","Hand Pump","Yes","Functional","No",NA
"10718",10718,"2de44f55-1577-4130-84c3-533f6f16db8e","2de44f55-1577-4130-84c3-533f6f16db8e","Bagwai","Kano","Northwest",82,"12.08943138 8.21437751 521.0999755859375 5.0","1342269926312.jpg","kano_bagwai","1342269926312.jpg","Handpump","handpump","borehole_tube_well","water_source","Badodo","Rimi dako","Yes","Hand Pump","No","Mechanical Issue","No","Stand Alone Water Point"
"10719",10719,"4b22f0aa-b027-4f75-a869-9e6137bbde1f","4b22f0aa-b027-4f75-a869-9e6137bbde1f","Bagwai","Kano","Northwest",82,"12.08128962 8.18816998 554.9000244140625 5.0","1342435139942.jpg","kano_bagwai","1342435139942.jpg","Unimproved","unimproved","unprotected_dug_well","water_source","Zangore","Rimin Dako","No",NA,"Yes","Functional","No","Stand Alone Water Point"
"10720",10720,"d9e5facc-c998-4856-a89c-1e1dbfb26272","d9e5facc-c998-4856-a89c-1e1dbfb26272","Bagwai","Kano","Northwest",82,"12.08423716 8.25407468 524.4000244140625 5.0","1342444364139.jpg","kano_bagwai","1342444364139.jpg","Handpump","handpump","borehole_tube_well","water_source","Munkebe","Rinmi dako","Yes","Hand Pump","Yes","Functional","No","Stand Alone Water Point"
"10721",10721,"773c766b-b10f-4bdf-9c7a-0ff8ed90e61d","773c766b-b10f-4bdf-9c7a-0ff8ed90e61d","Bagwai","Kano","Northwest",82,"12.08238131 8.12740652 559.0999755859375 5.0","1342186149857.jpg","kano_bagwai","1342186149857.jpg","Unimproved","unimproved","dam","water_source","Yantofa","Romo","No",NA,"Yes","Functional","No","Stand Alone Water Point"
"10722",10722,"56f443e3-1389-4026-b538-18b58a070edc","56f443e3-1389-4026-b538-18b58a070edc","Bagwai","Kano","Northwest",82,"12.08902615 8.21403033 532.4000244140625 5.0","1342270049457.jpg","kano_bagwai","1342270049457.jpg","Unimproved","unimproved","unprotected_dug_well","water_source","Badodo dadalawa","Rimi dako","No","Manual","Yes","Functional","No","Stand Alone Water Point"
"10723",10723,"07ca4da4-9acd-4e69-bd3f-afa87a37a1c5","07ca4da4-9acd-4e69-bd3f-afa87a37a1c5","Bagwai","Kano","Northwest",82,"12.04710872 8.23888938 527.4000244140625 5.0","1342008627647.jpg","kano_bagwai","1342008627647.jpg","Handpump","handpump","borehole_tube_well","water_source","Tuga","Kwajale","Yes","Hand Pump","Yes","Functional","No","Stand Alone Water Point"
"10724",10724,"2a79ceb2-560e-4908-9746-2ac2749b4588","2a79ceb2-560e-4908-9746-2ac2749b4588","Bagwai","Kano","Northwest",82,"12.0857245 8.25599549 525.5 5.0","1342445847371.jpg","kano_bagwai","1342445847371.jpg","Unimproved","unimproved","unprotected_dug_well","water_source","Dunkebe","Rimi dako","No","Manual","Yes","Functional","No","Stand Alone Water Point"
"10725",10725,"c568f948-c307-4369-af6d-a369b9b0236a","c568f948-c307-4369-af6d-a369b9b0236a","Bagwai","Kano","Northwest",82,"12.07029059 8.24778241 522.5999755859375 5.0","1342005615050.jpg","kano_bagwai","1342005615050.jpg","Unimproved","unimproved","unprotected_dug_well","water_source","Tuga","Kwajale","No","Manual","Yes","Functional","No","Stand Alone Water Point"
"10726",10726,"beca1cfe-2a14-42c6-99fb-401d80b8de7c","beca1cfe-2a14-42c6-99fb-401d80b8de7c","Bagwai","Kano","Northwest",82,"12.08426461 8.25503546 521.0999755859375 5.0","1342442262499.jpg","kano_bagwai","1342442262499.jpg","Unimproved","unimproved","unprotected_dug_well","water_source","Munkebe","Rimin Dako","No",NA,"No","Don't Know","No","Stand Alone Water Point"
"10727",10727,"fb4fbefa-324d-4064-884c-788953d61f6f","fb4fbefa-324d-4064-884c-788953d61f6f","Bagwai","Kano","Northwest",82,"12.04150113 8.24743278 521.0 5.0","1342022161278.jpg","kano_bagwai","1342022161278.jpg","Unimproved","unimproved","unprotected_dug_well","water_source","Hayewa","Kwajale","No","Manual","Yes","Functional","No","Stand Alone Water Point"
"10728",10728,"5990c859-d076-49a8-ae82-f7fb4b92f453","5990c859-d076-49a8-ae82-f7fb4b92f453","Bagwai","Kano","Northwest",82,"12.12194583 8.04681587 568.7999877929688 5.0","1342097620050.jpg","kano_bagwai","1342097620050.jpg","Unimproved","unimproved","unprotected_dug_well","water_source","Sare sare","Sare sare","No",NA,"No","Poor Water Quality","No","Stand Alone Water Point"
"10729",10729,"d6af5360-6d6f-424f-8e85-d5be32f80f0e","d6af5360-6d6f-424f-8e85-d5be32f80f0e","Bagwai","Kano","Northwest",82,"12.15884543 8.13540944 543.5 9.0","1342017541241.jpg","kano_bagwai","1342017541241.jpg","Handpump","handpump","borehole_tube_well","water_source","BAGWAI","BAGWAI","Yes","Hand Pump","No","Mechanical Issue","No","Stand Alone Water Point"
"10731",10731,"1e055e30-31fb-460c-ad5e-a5f012332be3","1e055e30-31fb-460c-ad5e-a5f012332be3","Bagwai","Kano","Northwest",82,"12.07534091 8.16640353 553.7999877929688 5.0","1342103655914.jpg","kano_bagwai","1342103655914.jpg","Handpump","handpump","borehole_tube_well","water_source","Romo","Romo","Yes","Hand Pump","No","Mechanical Issue","No","Stand Alone Water Point"
"10732",10732,"0625e2e3-1f38-4eec-933a-d0fbdeadfae2","0625e2e3-1f38-4eec-933a-d0fbdeadfae2","Bagwai","Kano","Northwest",82,"12.11287327 8.12755749 545.5999755859375 5.0","1342267798595.jpg","kano_bagwai","1342267798595.jpg","Unimproved","unimproved","unprotected_dug_well","water_source","Galawa","Gogori","No","Manual","Yes","Functional","No","Stand Alone Water Point"
"10733",10733,"ddcf0831-fd2f-415e-9bd6-ea012cc3780b","ddcf0831-fd2f-415e-9bd6-ea012cc3780b","Bagwai","Kano","Northwest",82,"12.13375231 8.12768257 536.4000244140625 5.0","1342100925454.jpg","kano_bagwai","1342100925454.jpg","Handpump","handpump","borehole_tube_well","water_source","MAJINGINI","W/BAGGA","Yes","Hand Pump","Yes","Functional","No","Stand Alone Water Point"
"10734",10734,"fc37c660-59de-4a84-8954-180d60a31251","fc37c660-59de-4a84-8954-180d60a31251","Bagwai","Kano","Northwest",82,"12.15268892 8.06754955 548.2000122070313 5.0","1342175958439.jpg","kano_bagwai","1342175958439.jpg","Overhead Tank (1,000)","one_thousand_overhead",NA,"dk","Gogori","Gogori","Yes",NA,"No","Mechanical Issue","Don't Know",NA
"10735",10735,"d0d17b80-e33b-414e-a4f6-1b0f3f118eca","d0d17b80-e33b-414e-a4f6-1b0f3f118eca","Bagwai","Kano","Northwest",82,"12.0885821 8.13938926 538.5 5.0","1342177700704.jpg","kano_bagwai","1342177700704.jpg","Handpump","handpump",NA,"outlet","Unguwar Suri","Romo","Yes","Hand Pump","No","Poorly Constructed","No","Water Scheme, Source within 100m"
"10736",10736,"9db3b205-b13d-4a9c-9732-ec94d9fb06e7","9db3b205-b13d-4a9c-9732-ec94d9fb06e7","Bagwai","Kano","Northwest",82,"12.13063642 8.19904204 519.2000122070313 5.0","1342178333369.jpg","kano_bagwai","1342178333369.jpg","Handpump","handpump","borehole_tube_well","water_source","SA NTA","KIYAWA","Yes","Hand Pump","No","Mechanical Issue","No","Stand Alone Water Point"
"10737",10737,"e7387ebc-1488-4e52-9ddd-c425d24176f4","e7387ebc-1488-4e52-9ddd-c425d24176f4","Bagwai","Kano","Northwest",82,"12.04258602 8.24789362 494.20001220703125 5.0","1342022582760.jpg","kano_bagwai","1342022582760.jpg","Unimproved","unimproved","unprotected_dug_well","water_source","Hawewa","Kwajale","No","Manual","Yes","Functional","No","Stand Alone Water Point"
"10738",10738,"c9bc9e38-55d4-4bac-9f90-d7e0223a441e","c9bc9e38-55d4-4bac-9f90-d7e0223a441e","Bagwai","Kano","Northwest",82,"12.08978038 8.23861078 522.0 5.0","1342447341917.jpg","kano_bagwai","1342447341917.jpg","Unimproved","unimproved","unprotected_dug_well","water_source","Labawa","Rimi dako","No","Manual","Yes","Functional","No","Stand Alone Water Point"
"10739",10739,"7783d057-c67c-4a1e-8c14-a76a14198e52","7783d057-c67c-4a1e-8c14-a76a14198e52","Bagwai","Kano","Northwest",82,"12.09210341 8.1511068 544.7999877929688 5.0","1342179743347.jpg","kano_bagwai","1342179743347.jpg","Unimproved","unimproved","unprotected_dug_well","water_source","Yetofa","Romo","No","Manual","Yes","Functional","No","Stand Alone Water Point"
"10740",10740,"d749bca5-76dd-47d3-b999-4cc5ca15afb7","d749bca5-76dd-47d3-b999-4cc5ca15afb7","Bagwai","Kano","Northwest",82,"12.1049798 8.06657992 521.0 5.0","1342023204190.jpg","kano_bagwai","1342023204190.jpg","Unimproved","unimproved","unprotected_dug_well","water_source","Tudara","Gadanya","No",NA,"Yes","Functional","No","Stand Alone Water Point"
"10741",10741,"4fee3487-37cd-4c2f-b03b-46da0ef7b880","4fee3487-37cd-4c2f-b03b-46da0ef7b880","Bagwai","Kano","Northwest",82,"12.10495949 8.06653402 595.2999877929688 5.0","1342022935697.jpg","kano_bagwai","1342022935697.jpg","Unimproved","unimproved","unprotected_dug_well","water_source","Tudara","Gadanya","No",NA,"Yes","Functional","No","Stand Alone Water Point"
"10742",10742,"95f1d1b8-f685-4a4f-bf5a-35791f4aae21","95f1d1b8-f685-4a4f-bf5a-35791f4aae21","Bagwai","Kano","Northwest",82,"12.13089274 8.0192111 546.4000244140625 5.0","1342103554048.jpg","kano_bagwai","1342103554048.jpg","Handpump","handpump",NA,"outlet","Surfau","Sare Sare","Yes","Hand Pump","Yes","Functional","No","Water Scheme, Source within 1km"
"10743",10743,"5eece358-3a18-4bfc-bd96-ef06ab9d1646","5eece358-3a18-4bfc-bd96-ef06ab9d1646","Bagwai","Kano","Northwest",82,"12.08453067 8.0434548 578.0999755859375 5.0","1342014666719.jpg","kano_bagwai","1342014666719.jpg","Tap","tap",NA,"outlet","Daganya","Daganya","Yes","Tap (unknown lift)","No","Mechanical Issue","Don't Know","Water Scheme, Source within 1km"
"10744",10744,"031de140-273e-4c12-aead-942bdecb6f59","031de140-273e-4c12-aead-942bdecb6f59","Bagwai","Kano","Northwest",82,"12.10639019 7.99570733 568.7000122070313 5.0","1342105437850.jpg","kano_bagwai","1342105437850.jpg","Handpump","handpump",NA,"outlet","Ajalawa","Sare sare","Yes","Hand Pump","Yes","Functional","No","Water Scheme, Source within 100m"
"10745",10745,"c9390c86-7e51-4f91-9fb8-47a2853d80b2","c9390c86-7e51-4f91-9fb8-47a2853d80b2","Bagwai","Kano","Northwest",82,"12.07213961 8.16718431 526.9000244140625 5.0","1342102466098.jpg","kano_bagwai","1342102466098.jpg","Handpump","handpump","borehole_tube_well","water_source","Romo","Romo","Yes","Hand Pump","Yes","Functional","No","Stand Alone Water Point"
"10746",10746,"eda4f8f2-320e-490f-bb49-5beb766b789f","eda4f8f2-320e-490f-bb49-5beb766b789f","Bagwai","Kano","Northwest",82,"12.15315704 8.09879428 556.4000244140625 5.0","1342091065351.jpg","kano_bagwai","1342091065351.jpg","Handpump","handpump",NA,"dk","Wuro Bagga","Wuro Bagga","Yes","Hand Pump","Yes","Functional","No",NA
"10747",10747,"ee178938-60e6-4820-a0c5-b526f9cddf37","ee178938-60e6-4820-a0c5-b526f9cddf37","Bagwai","Kano","Northwest",82,"12.09112642 8.24432734 519.7999877929688 5.0","1342443553652.jpg","kano_bagwai","1342443553652.jpg","Unimproved","unimproved","unprotected_dug_well","water_source","Labawa","Rimin Dako","No",NA,"Yes","Functional","No","Stand Alone Water Point"
"10748",10748,"07af0b9a-099d-45c8-9673-3ca2a57609ae","07af0b9a-099d-45c8-9673-3ca2a57609ae","Bagwai","Kano","Northwest",82,"12.11250483 8.13035093 524.4000244140625 5.0","1342272018748.jpg","kano_bagwai","1342272018748.jpg","Unimproved","unimproved","unprotected_dug_well","water_source","Galawa","Gogori","No","Manual","Yes","Functional","No","Stand Alone Water Point"
"10749",10749,"9f741fd3-9a40-48e5-b5d7-776cddabb767","9f741fd3-9a40-48e5-b5d7-776cddabb767","Bagwai","Kano","Northwest",82,"12.08888919 8.03561164 588.0999755859375 5.0","1342010213749.jpg","kano_bagwai","1342010213749.jpg","Handpump","handpump",NA,"outlet","Gadanya","Gadanya","Yes","Hand Pump","Yes","Functional","No","Water Scheme, Source within 100m"
"10750",10750,"b2f47082-617b-4ccf-ae86-ae40d29d7519","b2f47082-617b-4ccf-ae86-ae40d29d7519","Bagwai","Kano","Northwest",82,"12.12495877 8.05024441 561.2999877929688 5.0","1342094691408.jpg","kano_bagwai","1342094691408.jpg","Handpump","handpump","dk","water_source","Sare_Sare","Sare _Sare","Yes","Hand Pump","No","Mechanical Issue","Don't Know","Stand Alone Water Point"
"10751",10751,"6e94448c-27e4-4c54-bef2-66bf697193a9","6e94448c-27e4-4c54-bef2-66bf697193a9","Bagwai","Kano","Northwest",82,"12.16191499 8.14125002 536.0999755859375 5.0","1342265490773.jpg","kano_bagwai","1342265490773.jpg","Handpump","handpump",NA,"dk","Makabarts","Bagwai","Yes","Hand Pump","Yes","Functional","No",NA
"10752",10752,"ea4c9d53-6172-413c-b0b9-3c8af26af273","ea4c9d53-6172-413c-b0b9-3c8af26af273","Bagwai","Kano","Northwest",82,"12.08788806 8.13955943 548.5 5.0","1342177961974.jpg","kano_bagwai","1342177961974.jpg","Unimproved","unimproved","unprotected_dug_well","water_source","Unguwar Suri","Romo","No",NA,"No","Poorly Constructed","No","Stand Alone Water Point"
"10753",10753,"f290a0fc-982c-4713-bf66-8b0b5374622f","f290a0fc-982c-4713-bf66-8b0b5374622f","Bagwai","Kano","Northwest",82,"12.08435908 8.0435882 582.5999755859375 5.0","1342014972248.jpg","kano_bagwai","1342014972248.jpg","Unimproved","unimproved","unprotected_dug_well","water_source","Daganya","Daganya","No","Manual","Yes","Functional","No","Stand Alone Water Point"
"10754",10754,"45d9a572-d6a5-4752-9c9e-5a02c6130d15","45d9a572-d6a5-4752-9c9e-5a02c6130d15","Bagwai","Kano","Northwest",82,"12.13576675 8.00765989 574.2999877929688 5.0","1342101137228.jpg","kano_bagwai","1342101137228.jpg","Handpump","handpump",NA,"outlet","Surfau","Sare Sare","Yes","Hand Pump","Yes","Functional","No","Water Scheme, Source within 1km"
"10755",10755,"3905fbbf-0637-485f-a8af-b0a3880d4a5f","3905fbbf-0637-485f-a8af-b0a3880d4a5f","Bagwai","Kano","Northwest",82,"12.15194338 8.06514323 545.0 5.0","1342180578934.jpg","kano_bagwai","1342180578934.jpg","Unimproved","unimproved","unprotected_dug_well","water_source","Gogori","Gogori","No",NA,"No","Dry Well","No","Stand Alone Water Point"
"10756",10756,"c3b97036-8c51-499f-830d-f824f916ad44","c3b97036-8c51-499f-830d-f824f916ad44","Bagwai","Kano","Northwest",82,"12.1053795 8.06402128 557.9000244140625 5.0","1342023661399.jpg","kano_bagwai","1342023661399.jpg","Unimproved","unimproved","unprotected_dug_well","water_source","Tudara","Gadanya","No",NA,"Yes","Functional","No","Stand Alone Water Point"
"10757",10757,"f4bc808e-69bc-4d75-a73d-088e8c44eeb7","f4bc808e-69bc-4d75-a73d-088e8c44eeb7","Bagwai","Kano","Northwest",82,"12.06312833 8.19436334 538.7999877929688 5.0","1342092595044.jpg","kano_bagwai","1342092595044.jpg","Handpump","handpump",NA,"outlet","Rimin Bai","Kwajale","Yes","Hand Pump","No","Poorly Constructed","No","Water Scheme, Source within 100m"
"10758",10758,"fac0e96e-5bbf-4836-a988-660d0a44e78b","fac0e96e-5bbf-4836-a988-660d0a44e78b","Bagwai","Kano","Northwest",82,"12.08482521 8.04284376 574.7000122070313 5.0","1342013915728.jpg","kano_bagwai","1342013915728.jpg","Overhead Tank (1,000)","one_thousand_overhead",NA,"outlet","Gandaya","Gandanya","Yes","Tap (unknown lift)","No","Mechanical Issue","Don't Know","Water Scheme, Source within 1km"
"10759",10759,"79e7bd78-78f6-46b0-a42b-36500e59a3ea","79e7bd78-78f6-46b0-a42b-36500e59a3ea","Bagwai","Kano","Northwest",82,"12.0735339 8.16930727 534.2000122070313 5.0","1342098184807.jpg","kano_bagwai","1342098184807.jpg","Unimproved","unimproved",NA,"outlet","Romo","Romo","No","Tap (unknown lift)","No","Mechanical Issue","No","Water Scheme, Source within 100m"
"10760",10760,"0c12ebf1-cfc3-464a-b52a-6b2d0e466481","0c12ebf1-cfc3-464a-b52a-6b2d0e466481","Bagwai","Kano","Northwest",82,"12.05117127 8.16588295 563.0 5.0","1342525207162.jpg","kano_bagwai","1342525207162.jpg","Unimproved","unimproved","unprotected_dug_well","water_source","Liringo","Romo","No",NA,"Yes","Functional","No","Stand Alone Water Point"
"10761",10761,"c813c613-d290-4a46-88b3-6f39117af160","c813c613-d290-4a46-88b3-6f39117af160","Bagwai","Kano","Northwest",82,"12.08214548 8.19326039 540.0999755859375 5.0","1342433965058.jpg","kano_bagwai","1342433965058.jpg","Unimproved","unimproved","unprotected_dug_well","water_source","Baure","Rimin Dako","No",NA,"Yes","Functional","No","Stand Alone Water Point"
"10762",10762,"a9b15164-c636-494c-9c5e-1340fb812b26","a9b15164-c636-494c-9c5e-1340fb812b26","Bagwai","Kano","Northwest",82,"12.08704688 8.25550984 523.0 5.0","1342442484710.jpg","kano_bagwai","1342442484710.jpg","Unimproved","unimproved","unprotected_dug_well","water_source","Munkebe","Rimin Dako","No",NA,"No","Poor Water Quality","No","Stand Alone Water Point"
"10763",10763,"9935b2b7-189b-4f2a-bd5b-4ac1bd1db19f","9935b2b7-189b-4f2a-bd5b-4ac1bd1db19f","Bagwai","Kano","Northwest",82,"12.03673703 8.1675476 575.0 5.0","1342527877358.jpg","kano_bagwai","1342527877358.jpg","Overhead Tank (1,000)","one_thousand_overhead","borehole_tube_well","water_source","Kafin maiko","Dangada","Yes","Solar","No","Poorly Constructed","No","Stand Alone Water Point"
"10764",10764,"eb952f9e-d184-4f40-b5fd-4798b2e0995d","eb952f9e-d184-4f40-b5fd-4798b2e0995d","Bagwai","Kano","Northwest",82,"12.12455756 8.05029692 562.9000244140625 5.0","1342094527674.jpg","kano_bagwai","1342094527674.jpg","Handpump","handpump",NA,"outlet","Sare-Sare","Sare-Sare","Yes","Hand Pump","Yes","Functional","No","Water Scheme, Source within 100m"
"10765",10765,"a661148c-5be9-4b53-bda3-37b931b56b6e","a661148c-5be9-4b53-bda3-37b931b56b6e","Bagwai","Kano","Northwest",82,"12.08375461 8.24872787 529.2000122070313 5.0","1342440077072.jpg","kano_bagwai","1342440077072.jpg","Unimproved","unimproved","unprotected_dug_well","water_source","Munkebe","Rimin Dako","No",NA,"No","Poorly Constructed","No","Stand Alone Water Point"
"10766",10766,"32fa6a79-5e87-4d7c-ab5d-547b87698cf8","32fa6a79-5e87-4d7c-ab5d-547b87698cf8","Bagwai","Kano","Northwest",82,"12.09269402 8.15189337 536.2999877929688 5.0","1342176544959.jpg","kano_bagwai","1342176544959.jpg","Handpump","handpump",NA,"outlet","Yartofa","Romo","Yes","Hand Pump","No","Poorly Constructed","No","Water Scheme, Source within 100m"
"10767",10767,"ec71c6e1-1fff-4dae-975d-33eabc16ae60","ec71c6e1-1fff-4dae-975d-33eabc16ae60","Bagwai","Kano","Northwest",82,"12.0346451 8.22070361 537.5999755859375 5.0","1342008272600.jpg","kano_bagwai","1342008272600.jpg","Handpump","handpump",NA,"outlet","Kwajale","Kwajale","Yes","Hand Pump","No","Poor Water Quality","No","Water Scheme, Source within 100m"
"10768",10768,"2b17e673-c2d2-41b4-8715-cfd92621012f","2b17e673-c2d2-41b4-8715-cfd92621012f","Bagwai","Kano","Northwest",82,"12.04314748 8.20201965 511.3999938964844 5.0","1342441955749.jpg","kano_bagwai","1342441955749.jpg","Unimproved","unimproved","unprotected_dug_well","water_source","Kariya mai kambu","Dangada","No",NA,"No","Don't Know","No","Stand Alone Water Point"
"10769",10769,"4d8b0934-0cdf-4c03-953b-31756c7964e4","4d8b0934-0cdf-4c03-953b-31756c7964e4","Bagwai","Kano","Northwest",82,"12.03949867 8.16642241 566.0999755859375 5.0","1342524657691.jpg","kano_bagwai","1342524657691.jpg","Handpump","handpump",NA,"outlet","Kafin maiko","Dangada","Yes","Hand Pump","Yes","Functional","No","Water Scheme, Source within 100m"
"10770",10770,"994f8c9d-c65d-41c3-9d3d-2a45675a9534","994f8c9d-c65d-41c3-9d3d-2a45675a9534","Bagwai","Kano","Northwest",82,"12.04336847 8.23123024 527.2999877929688 5.0","1342007273987.jpg","kano_bagwai","1342007273987.jpg","Unimproved","unimproved","unprotected_dug_well","water_source","Tuga","Kwajale","No",NA,"Yes","Functional","No","Stand Alone Water Point"
"10771",10771,"247d20fd-f93b-4945-9b3d-f876a3d956e0","247d20fd-f93b-4945-9b3d-f876a3d956e0","Bagwai","Kano","Northwest",82,"12.07856438 8.19852573 543.5 5.0","1342435875518.jpg","kano_bagwai","1342435875518.jpg","Unimproved","unimproved","unprotected_dug_well","water_source","Baure","Rimin Dako","No",NA,"Yes","Functional","Yes","Stand Alone Water Point"
"10772",10772,"595f80c3-de60-4f9b-9b82-aa5e67b57285","595f80c3-de60-4f9b-9b82-aa5e67b57285","Bagwai","Kano","Northwest",82,"12.04244843 8.24676091 507.5 5.0","1342022310584.jpg","kano_bagwai","1342022310584.jpg","Unimproved","unimproved","unprotected_dug_well","water_source","Hayewa","Kwajale","No","Manual","Yes","Functional","No","Stand Alone Water Point"
"10773",10773,"ca90c9d0-9a93-4e71-b18e-e626978661f0","ca90c9d0-9a93-4e71-b18e-e626978661f0","Bagwai","Kano","Northwest",82,"12.13945404 8.13438703 535.5 5.0","1342102300582.jpg","kano_bagwai","1342102300582.jpg","Handpump","handpump","borehole_tube_well","water_source","MAJINGINI","W/BAGGA","Yes","Hand Pump","No","Mechanical Issue","Yes","Stand Alone Water Point"
"10774",10774,"76094dab-4b77-4ce1-9e36-5dadc8c103c8","76094dab-4b77-4ce1-9e36-5dadc8c103c8","Bagwai","Kano","Northwest",82,"12.04979153 8.1837368 548.2999877929688 5.0","1342105988865.jpg","kano_bagwai","1342105988865.jpg","Tap","tap",NA,"outlet","Kwajale","Kwajale","Yes","Tap (unknown lift)","Yes","Functional","No","Water Scheme, Source further than 1km"
"10775",10775,"958432c5-df70-4d10-80dc-0825ebbb6036","958432c5-df70-4d10-80dc-0825ebbb6036","Bagwai","Kano","Northwest",82,"12.08943977 8.25530982 522.5 5.0","1342446139830.jpg","kano_bagwai","1342446139830.jpg","Unimproved","unimproved","unprotected_dug_well","water_source","Rimi dako","Rimi dako","No","Manual","Yes","Functional","No","Stand Alone Water Point"
"10776",10776,"4b48b3e5-4432-42e2-8f2e-a0c931dee860","4b48b3e5-4432-42e2-8f2e-a0c931dee860","Bagwai","Kano","Northwest",82,"12.04396544 8.18998407 563.0 5.0","1342103041282.jpg","kano_bagwai","1342103041282.jpg","Handpump","handpump",NA,"outlet","Wurabagga","Kwajale","Yes","Hand Pump","No","Poorly Constructed","No","Water Scheme, Source within 100m"
